0 0 41497
0 1 1013286
0 2 7837079
0 3 15828370
0 4 9049747
0 5 6084048
0 6 3884068
0 7 2206094
0 8 1015841
0 9 310260
0 10 50506
1 0 41497
1 1 996713
1 2 7448694
1 3 13735824
1 4 5908347
1 5 4232465
1 6 2564190
1 7 1488788
1 8 692451
1 9 205552
1 10 32081
2 8 3
2 10 8
3 8 1
4 10 3
5 1 5
5 2 296
5 3 4184
5 4 40815
5 5 215245
5 6 574905
5 7 750744
5 8 459658
5 9 178259
5 10 34424
10 1 2
10 2 24
10 3 133
10 4 1498
10 5 7635
10 6 19096
10 7 24955
10 8 15619
10 9 6093
10 10 1219
17 2 3
17 3 13
17 4 124
17 5 642
17 6 2778
17 7 5163
17 8 5460
17 9 2396
17 10 460
