FESTUNGSALARMFUERKIEL@7,13,21,23,24,25,28,29,30,33,36,37,38,40,41,42,43,47,48
FESTUNGSALARMKIEL@7,8,10,13,14,16,21,23,25,26,28,29,30,33,34,36,37,38,40,41,42,43,47,48
FESTUNGSALARMFUERKIELBEENDET@7,13,23,24,29,30,36,37,38,41,42,43
FESTUNGSALARMFUERKIELAUFGEHOBEN@7,13,23,24,25,28,29,30,36,37,38,40
KLARZUMVERSENKEN@10,11,12,18,20,22,28,29,30,31,32,34,36,40,42,44,45,46,48,50,51,53,55
KLARZUMVERSENKENGEMXBEFEHL@12,18,20,22,28,30,31,32,34,42,45,46
BOOTEKLARZUMVERSENKEN@13,15,17,23,24,25,26,27,29,31,35,37,39,40,41,43,48,50
BESTAETIGUNGERBETEN@20,21,23,24,25,26,27,28,31,34,36,38,39,40,41,43,50,53
MARSCHNACHNORWEGEN@10,13,17,19,22,23,27,29,31,32,33,35,36,37,39,43,44,45,46,49,51,52,53
SOFORTINMARSCHSETZEN@10,11,13,14,15,21,23,27,28,29,31,33,34,35,36,41,47,48,49,50
UHRKIELEINGELAUFEN@10,11,14,15,16,18,20,21,23,25,27,29,32,33,35,36,37,38,39,41,43,44,45,49,50,51,52,53,54
FXTXBLEIBTBESETZT@13,14,15,17,18,19,20,21,22,24,25,26,28,29,30,33,40,47,48,50,53,55
FFFTTTBLEIBTBESETZT@10,11,12,13,15,16,17,18,19,23,24,28,38,46,48,50,51
SCHALTUNGNANNIBRUNO@10,12,14,17,21,22,24,25,26,29,30,31,34,37,38,39,40,42,44,45,46,50
